# idx	freq_hz
0	12027250
1	12027500
2	12027780
3	12027980
4	12027860
5	12027960
6	12028880
7	12028520
8	12027950
9	12026980
10	12026280
11	12026380
12	12027230
13	12027840
14	12027320
15	12027340
16	12027680
17	12028460
18	12027950
19	12028030
20	12027300
21	12028300
22	12028270
23	12028660
24	12028320
25	12028540
26	12029150
27	12029820
28	12030390
29	12030700
30	12030320
31	12030330
32	12030100
33	12029980
34	12030220
35	12029840
36	12029670
37	12030490
38	12030330
39	12030120
40	12028550
41	12029320
42	12029310
43	12029820
44	12030430
45	12029640
46	12029040
47	12028810
48	12029220
49	12029190
50	12028660
51	12027950
52	12028450
53	12028580
54	12029130
55	12029580
56	12030040
57	12029980
58	12028930
59	12028760
60	12028510
61	12029020
62	12029490
63	12030250
64	12030330
65	12030090
66	12030670
67	12030520
68	12030330
69	12030280
70	12030030
71	12030180
72	12030250
73	12030590
74	12030060
75	12030490
76	12030210
77	12030310
78	12029610
79	12030140
80	12030150
81	12029880
82	12030780
83	12029380
84	12029480
85	12029520
86	12029640
87	12029560
88	12029170
89	12029070
90	12029810
91	12030530
92	12030660
93	12029650
94	12029390
95	12029580
96	12028410
97	12029570
98	12029260
99	12028930
100	12028920
101	12030100
102	12029820
103	12030130
104	12028890
105	12029000
106	12029220
107	12028710
108	12028680
109	12028500
110	12029310
111	12029100
112	12029230
113	12028680
114	12029490
115	12028770
116	12029070
117	12029490
118	12030270
119	12030300
120	12029870
121	12029220
122	12028470
123	12028320
124	12029470
125	12028980
126	12028620
127	12029040
128	12029670
129	12029660
130	12029590
131	12028920
132	12029430
133	12028410
134	12028250
135	12028670
136	12029120
137	12028750
138	12028360
139	12028850
140	12028430
141	12028990
142	12029900
143	12029570
144	12029810
145	12029560
146	12029720
147	12029380
148	12028440
149	12028560
150	12029530
151	12030090
152	12029930
153	12029370
154	12028590
155	12028500
156	12029830
157	12029180
158	12028700
159	12029090
160	12028320
161	12028820
162	12029100
163	12028760
164	12029240
165	12029100
166	12029360
167	12028550
168	12028480
169	12028900
170	12029190
171	12028420
172	12028640
173	12029280
174	12028480
175	12028720
176	12028710
177	12029350
178	12030320
179	12029900
180	12030480
181	12029620
182	12029820
183	12029760
184	12030060
185	12029880
186	12030320
187	12031370
188	12030470
189	12030240
190	12029600
191	12029250
192	12030100
193	12030950
194	12029800
195	12029800
196	12029550
197	12029940
198	12030130
199	12030830
200	12030150
201	12030900
202	12029780
203	12030670
204	12030150
205	12029620
206	12030180
207	12029500
208	12029300
209	12028580
210	12029600
211	12029980
212	12030230
213	12029730
214	12030340
215	12030580
216	12031420
217	12029620
218	12029670
219	12029870
220	12029830
221	12030480
222	12031280
223	12030500
224	12029750
225	12030490
226	12029640
227	12029120
228	12029430
229	12029610
230	12030410
231	12030000
232	12029880
233	12030000
234	12029560
235	12029700
236	12029520
237	12030130
238	12030980
239	12030870
240	12030550
241	12030330
242	12030050
243	12030160
244	12030110
245	12029840
246	12029100
247	12029680
248	12029600
249	12030020
250	12029650
251	12029900
252	12030250
253	12030000
254	12030000
255	12030060
256	12029870
257	12029470
258	12029420
259	12028830
260	12029030
261	12029560
262	12028370
263	12028800
264	12028290
265	12028080
266	12028450
267	12029670
268	12030120
269	12029010
270	12030030
271	12029170
272	12029300
273	12028460
274	12028050
275	12028600
276	12028680
277	12028470
278	12027950
279	12028280
280	12028170
281	12028310
282	12027250
283	12027250
284	12027050
285	12026750
286	12027370
287	12027120
288	12027340
289	12027750
290	12027000
291	12026470
292	12027950
293	12027870
294	12028920
295	12028880
296	12028780
297	12028350
298	12027970
299	12027900
300	12027540
301	12027620
302	12028320
303	12028420
304	12028920
305	12027990
306	12027560
307	12026710
308	12026580
309	12027520
310	12028700
311	12028760
312	12027080
313	12027210
314	12026600
315	12026460
316	12027210
317	12027520
318	12026910
319	12027210
320	12026860
321	12027980
322	12027800
323	12028180
324	12027970
325	12027290
326	12027470
327	12028100
328	12028210
329	12028990
330	12029310
331	12028900
332	12027750
333	12027740
334	12027360
335	12027200
336	12027080
337	12027000
338	12026550
339	12026560
340	12026180
341	12026720
342	12026770
343	12027940
344	12027190
345	12027240
346	12027860
347	12028190
348	12028090
349	12028310
350	12028320
351	12028420
352	12028920
353	12028800
354	12028680
355	12028720
356	12028410
357	12028380
358	12027590
359	12027680
360	12027070
361	12028390
362	12027900
363	12026920
364	12026320
365	12025910
366	12025980
367	12026810
368	12027040
369	12026200
370	12026410
371	12025950
372	12025920
373	12026730
374	12026280
375	12025900
376	12026340
377	12025460
378	12025910
379	12026600
380	12026980
381	12026720
382	12026390
383	12026180
384	12026800
385	12026100
386	12026230
387	12026710
388	12026190
389	12026510
390	12026720
391	12026530
392	12026480
393	12026450
394	12025900
395	12026330
396	12025790
397	12025380
398	12026220
399	12026680
400	12026660
401	12026700
402	12027610
403	12028170
404	12028170
405	12027640
406	12026880
407	12027750
408	12027130
409	12027400
410	12028050
411	12027890
412	12027460
413	12027080
414	12027470
415	12026890
416	12027620
417	12027830
418	12027440
419	12027880
420	12028330
421	12027940
422	12027570
423	12026830
424	12027530
425	12028400
426	12028060
427	12028000
428	12028840
429	12028380
430	12028320
431	12028170
432	12028750
433	12028850
434	12028060
435	12028160
436	12027860
437	12028070
438	12027640
439	12028350
440	12027690
441	12028250
442	12028860
443	12027310
444	12027700
445	12027490
446	12027800
447	12027780
448	12027940
449	12027390
450	12027090
451	12026540
452	12027300
453	12027800
454	12027960
455	12026970
456	12026530
457	12027300
458	12028250
459	12028340
460	12028290
461	12028240
462	12028670
463	12028640
464	12028250
465	12028500
466	12028730
467	12028200
468	12028460
469	12029310
470	12029480
471	12029920
472	12029980
473	12030740
474	12030860
475	12030390
476	12029630
477	12028490
478	12027760
479	12028670
480	12029170
481	12029340
482	12029270
483	12029520
484	12029890
485	12029270
486	12028380
487	12028340
488	12029020
489	12029290
490	12028700
491	12028470
492	12028420
493	12027860
494	12029320
495	12029280
496	12028290
497	12028840
498	12028460
499	12028110
500	12029080
501	12028170
502	12029080
503	12029330
504	12029070
505	12029420
506	12029260
507	12029600
508	12029250
509	12029110
510	12029090
511	12028600
512	12028880
513	12029640
514	12029900
515	12030200
516	12029190
517	12028920
518	12028330
519	12027690
520	12028470
521	12028170
522	12028310
523	12028310
524	12028080
525	12027880
526	12028420
527	12028180
528	12027890
529	12027260
530	12027770
531	12028470
532	12029370
533	12029730
534	12028930
535	12029010
536	12028910
537	12028490
538	12027470
539	12027010
540	12026690
541	12026890
542	12027070
543	12027300
544	12027600
545	12027570
546	12027370
547	12027190
548	12028470
549	12028360
550	12027490
551	12026990
552	12026810
553	12027350
554	12026280
555	12026350
556	12026420
557	12025910
558	12026260
559	12026260
560	12025610
561	12024980
562	12025990
563	12026330
564	12026390
565	12027090
566	12026530
567	12027380
568	12027440
569	12028230
570	12027930
571	12028560
572	12028330
573	12027310
574	12026260
575	12027200
576	12027830
577	12026690
578	12026070
579	12026440
580	12027090
581	12028060
582	12027790
583	12027830
584	12027480
585	12027210
586	12027060
587	12026680
588	12026210
589	12025990
590	12026670
591	12027150
592	12026560
593	12026710
594	12026980
595	12026960
596	12026750
597	12027420
598	12027620
599	12026300
600	12026770
601	12026280
602	12027570
603	12026440
604	12026150
605	12026250
606	12027280
607	12027520
608	12026590
609	12027380
610	12026860
611	12026950
612	12027290
613	12026680
614	12026180
615	12026590
616	12026580
617	12025910
618	12026700
619	12027360
620	12026830
621	12027140
622	12027040
623	12027480
624	12027140
625	12026630
626	12026340
627	12025870
628	12025750
629	12026990
630	12027030
631	12026260
632	12026200
633	12026590
634	12026060
635	12025420
636	12025810
637	12027150
638	12027590
639	12027150
640	12025870
641	12028370
642	12028840
643	12028390
644	12027940
645	12027950
646	12027980
647	12028180
648	12027740
649	12027290
650	12027990
651	12027710
652	12028300
653	12027470
654	12027420
655	12028370
656	12027810
657	12028510
658	12028140
659	12028300
660	12028400
661	12028150
662	12028720
663	12028480
664	12028330
665	12028040
666	12028400
667	12028240
668	12028190
669	12027700
670	12028500
671	12028620
672	12028800
673	12029040
674	12028380
675	12028500
676	12027330
677	12028080
678	12028540
679	12028510
680	12028370
681	12028770
682	12029050
683	12028740
684	12028770
685	12028120
686	12028130
687	12028180
688	12027850
689	12027520
690	12028560
691	12029250
692	12027930
693	12028100
694	12027480
695	12029200
696	12028920
697	12029010
698	12029100
699	12029360
700	12029240
701	12029280
702	12029140
703	12029590
704	12030030
705	12029950
706	12030130
707	12029700
708	12028900
709	12028840
710	12029450
711	12028280
712	12028430
713	12028430
714	12029160
715	12028650
716	12028410
717	12028260
718	12028190
719	12028400
720	12028500
721	12029370
722	12029780
723	12030170
724	12029560
725	12029920
726	12030140
727	12029800
728	12030240
729	12028750
730	12029210
731	12029630
732	12029050
733	12028710
734	12028370
735	12028950
736	12028590
737	12028510
738	12029010
739	12028880
740	12028650
741	12029640
742	12029720
743	12029560
744	12029060
745	12029430
746	12029310
747	12030010
748	12029900
749	12030570
750	12029410
751	12030000
752	12029570
753	12029460
754	12029030
755	12028680
756	12029210
757	12028690
758	12028820
759	12028420
760	12028200
761	12028130
762	12028130
763	12027600
764	12027660
765	12027910
766	12028640
767	12029030
768	12029920
769	12029100
770	12029050
771	12028020
772	12028080
773	12028700
774	12028420
775	12028840
776	12028660
777	12028530
778	12028930
779	12028940
780	12028780
781	12028790
782	12028390
783	12028530
784	12027470
785	12027260
786	12027980
787	12028850
788	12029360
789	12029550
790	12028640
791	12029290
792	12029290
793	12028790
794	12028670
795	12028360
796	12028310
797	12028570
798	12029270
799	12029790
800	12029590
801	12030310
802	12030120
803	12030020
804	12029660
805	12029710
806	12028800
807	12028550
808	12028330
809	12028190
810	12029140
811	12029340
812	12029600
813	12029330
814	12029370
815	12028630
816	12027960
817	12028360
818	12029060
819	12029320
820	12029280
821	12029550
822	12029300
823	12029130
824	12028360
825	12028600
826	12027800
827	12027650
828	12027970
829	12028860
830	12028980
831	12029400
832	12028160
833	12028220
834	12027530
835	12028300
836	12028320
837	12029040
838	12029780
839	12029060
840	12029170
841	12028530
842	12028860
843	12029460
844	12028560
845	12028540
846	12028110
847	12028590
848	12028540
849	12028500
850	12028340
851	12028750
852	12028610
853	12028920
854	12030000
855	12029930
856	12029810
857	12029580
858	12029330
859	12029530
860	12030410
861	12030300
862	12029260
863	12028360
864	12028370
865	12028640
866	12028620
867	12027890
868	12028840
869	12028560
870	12028180
871	12027610
872	12027470
873	12027380
874	12026770
875	12028360
876	12028660
877	12028760
878	12028720
879	12027990
880	12028550
881	12028920
882	12028780
883	12028440
884	12028150
885	12027930
886	12027370
887	12027870
888	12028180
889	12028260
890	12028590
891	12028660
892	12029000
893	12029380
894	12028440
895	12028180
896	12028020
897	12027300
898	12027380
899	12027710
900	12027650
901	12028220
902	12028280
903	12028190
904	12028270
905	12027580
906	12026970
907	12027880
908	12027790
909	12026300
910	12026230
911	12026390
912	12026930
913	12026770
914	12026770
915	12027020
916	12027650
917	12027990
918	12027220
919	12026550
920	12027860
921	12029420
922	12028860
923	12028490
924	12026810
925	12027050
926	12028080
927	12027870
928	12027270
929	12027200
930	12027750
931	12028110
932	12027770
933	12027290
934	12026230
935	12025430
936	12026220
937	12025160
938	12025830
939	12026460
940	12026070
941	12025680
942	12026310
943	12026150
944	12026360
945	12026210
946	12026420
947	12026240
948	12026490
949	12026000
950	12026080
951	12025760
952	12025700
953	12025340
954	12025730
955	12025940
956	12025930
957	12026190
958	12025970
959	12026220
960	12025940
961	12025830
962	12025760
963	12025360
964	12025950
965	12025330
966	12024910
967	12024990
968	12024700
969	12025880
970	12025970
971	12024920
972	12025350
973	12026260
974	12026030
975	12025640
976	12025780
977	12026140
978	12025660
979	12026100
980	12026000
981	12025930
982	12026170
983	12026460
984	12025830
985	12025330
986	12025520
987	12025710
988	12025410
989	12025830
990	12025870
991	12025320
992	12025390
993	12025770
994	12025330
995	12025490
996	12025840
997	12025810
998	12024870
999	12025310
