# idx	freq_hz
0	12011380
1	12012130
2	12011940
3	12010760
4	12010660
5	12010580
6	12010330
7	12010770
8	12010430
9	12010110
10	12010420
11	12010750
12	12010630
13	12009560
14	12009030
15	12009130
16	12009400
17	12009890
18	12010120
19	12008840
20	12008280
21	12008810
22	12008620
23	12008020
24	12009020
25	12008740
26	12008910
27	12008490
28	12009140
29	12009400
30	12008880
31	12008060
32	12008740
33	12008960
34	12009250
35	12009610
36	12009230
37	12008890
38	12008860
39	12008680
40	12008510
41	12008970
42	12008930
43	12008560
44	12009010
45	12009390
46	12008690
47	12008390
48	12007730
49	12008180
50	12008350
51	12008010
52	12008740
53	12009640
54	12009260
55	12008690
56	12009050
57	12009860
58	12009640
59	12008440
60	12008500
61	12009830
62	12007840
63	12007070
64	12007070
65	12006920
66	12007160
67	12007700
68	12008050
69	12008230
70	12008540
71	12007700
72	12008030
73	12007860
74	12007700
75	12007660
76	12007470
77	12007160
78	12008110
79	12008160
80	12008110
81	12008430
82	12008500
83	12008400
84	12008590
85	12008830
86	12009330
87	12009650
88	12009690
89	12009860
90	12009960
91	12009880
92	12009500
93	12009810
94	12009320
95	12009100
96	12009210
97	12009410
98	12009710
99	12010060
100	12010170
101	12009760
102	12009630
103	12010710
104	12009200
105	12008680
106	12008510
107	12008870
108	12007500
109	12008050
110	12008620
111	12007700
112	12006320
113	12007330
114	12007920
115	12007760
116	12007200
117	12007860
118	12007310
119	12007650
120	12007780
121	12007810
122	12007520
123	12007510
124	12007960
125	12007550
126	12007020
127	12007450
128	12008400
129	12007880
130	12007930
131	12007390
132	12007920
133	12008350
134	12007200
135	12006770
136	12007070
137	12007310
138	12006980
139	12006580
140	12005810
141	12006060
142	12006240
143	12007240
144	12006820
145	12006110
146	12007040
147	12006690
148	12006950
149	12006900
150	12006610
151	12006140
152	12006190
153	12006730
154	12005040
155	12005230
156	12005480
157	12005800
158	12005810
159	12005030
160	12004460
161	12004380
162	12004970
163	12004740
164	12005320
165	12005900
166	12004970
167	12004980
168	12005320
169	12005860
170	12006660
171	12005840
172	12005440
173	12005910
174	12006170
175	12006250
176	12005710
177	12005250
178	12004840
179	12004450
180	12004530
181	12005660
182	12005130
183	12004990
184	12005890
185	12006560
186	12005750
187	12005810
188	12005390
189	12005440
190	12005900
191	12006730
192	12006350
193	12006850
194	12007490
195	12007070
196	12007310
197	12006970
198	12006760
199	12006560
200	12005670
201	12005940
202	12005830
203	12006450
204	12006470
205	12006520
206	12006630
207	12006430
208	12006680
209	12006250
210	12005540
211	12006590
212	12006450
213	12006830
214	12006070
215	12006520
216	12006790
217	12006560
218	12007400
219	12007130
220	12006650
221	12006350
222	12006110
223	12005090
224	12005660
225	12005310
226	12004520
227	12004930
228	12005210
229	12004640
230	12007220
231	12007890
232	12006420
233	12006530
234	12005990
235	12006100
236	12007000
237	12006770
238	12007110
239	12006580
240	12007200
241	12006270
242	12006140
243	12007140
244	12006980
245	12007110
246	12007310
247	12007530
248	12007310
249	12007410
250	12006290
251	12006600
252	12006450
253	12006340
254	12005730
255	12006400
256	12006540
257	12006260
258	12005300
259	12006020
260	12008150
261	12007540
262	12007450
263	12006650
264	12006640
265	12007250
266	12007420
267	12008120
268	12008190
269	12007460
270	12006260
271	12006800
272	12007190
273	12007460
274	12007950
275	12008300
276	12008270
277	12008130
278	12008430
279	12008940
280	12008370
281	12007780
282	12008360
283	12008320
284	12007890
285	12007740
286	12008110
287	12008140
288	12007770
289	12007920
290	12008510
291	12008670
292	12008780
293	12008040
294	12008380
295	12009490
296	12008860
297	12008970
298	12009020
299	12008870
300	12008850
301	12009300
302	12009310
303	12008910
304	12008800
305	12008900
306	12008780
307	12008470
308	12008300
309	12008160
310	12007910
311	12008030
312	12007270
313	12008690
314	12008480
315	12008890
316	12008310
317	12008750
318	12008980
319	12007710
320	12008340
321	12007740
322	12007320
323	12007770
324	12007740
325	12007340
326	12008510
327	12008250
328	12008340
329	12007020
330	12007260
331	12007270
332	12007210
333	12007740
334	12007590
335	12005980
336	12005850
337	12005560
338	12005080
339	12006070
340	12006340
341	12005530
342	12005480
343	12005160
344	12005450
345	12006270
346	12006430
347	12006390
348	12006820
349	12007140
350	12006760
351	12007550
352	12007430
353	12007360
354	12006970
355	12006520
356	12006990
357	12006650
358	12007000
359	12007360
360	12007590
361	12006620
362	12007390
363	12007920
364	12008930
365	12008930
366	12008970
367	12009030
368	12009760
369	12008910
370	12009020
371	12008890
372	12008890
373	12008360
374	12008850
375	12009330
376	12008790
377	12009030
378	12008430
379	12009350
380	12009360
381	12008740
382	12008970
383	12008800
384	12007930
385	12008080
386	12008780
387	12009330
388	12008370
389	12007730
390	12008310
391	12007690
392	12007270
393	12007270
394	12007750
395	12007320
396	12007880
397	12007660
398	12007500
399	12007960
400	12008300
401	12008620
402	12008710
403	12008010
404	12007780
405	12007790
406	12007790
407	12007500
408	12008380
409	12008280
410	12008440
411	12008450
412	12007150
413	12007470
414	12007700
415	12008810
416	12009180
417	12009820
418	12008530
419	12009030
420	12008690
421	12008840
422	12009040
423	12008880
424	12008810
425	12008810
426	12009910
427	12009500
428	12009460
429	12008230
430	12009350
431	12009670
432	12009500
433	12009190
434	12008700
435	12008490
436	12007310
437	12008310
438	12008730
439	12008390
440	12007690
441	12008070
442	12008960
443	12008890
444	12008790
445	12009120
446	12009360
447	12009150
448	12009360
449	12008990
450	12008920
451	12007330
452	12007270
453	12006620
454	12006330
455	12006480
456	12006980
457	12007700
458	12007140
459	12007590
460	12007320
461	12006870
462	12006610
463	12007200
464	12007310
465	12007590
466	12007010
467	12006960
468	12006800
469	12006510
470	12005880
471	12006670
472	12006500
473	12005970
474	12006270
475	12006820
476	12007410
477	12006750
478	12007040
479	12006850
480	12007060
481	12006790
482	12007390
483	12007730
484	12007640
485	12007520
486	12006530
487	12007400
488	12008330
489	12008330
490	12008130
491	12007450
492	12007520
493	12007180
494	12006570
495	12006710
496	12006820
497	12006880
498	12006550
499	12007550
500	12007460
501	12007070
502	12006400
503	12006900
504	12007430
505	12007250
506	12007240
507	12006660
508	12006720
509	12005960
510	12005730
511	12006160
512	12006120
513	12006710
514	12007180
515	12007230
516	12007590
517	12007300
518	12007390
519	12007300
520	12006930
521	12006600
522	12007530
523	12007770
524	12007210
525	12006650
526	12006580
527	12006380
528	12007250
529	12007700
530	12007150
531	12006440
532	12006120
533	12005790
534	12006540
535	12006510
536	12006030
537	12006200
538	12005950
539	12005680
540	12006630
541	12006160
542	12006150
543	12006390
544	12006900
545	12006850
546	12007340
547	12007590
548	12008360
549	12009000
550	12009590
551	12008790
552	12008660
553	12008380
554	12008660
555	12007800
556	12008890
557	12008760
558	12008840
559	12008700
560	12009040
561	12009870
562	12009520
563	12009020
564	12009020
565	12008710
566	12010140
567	12009490
568	12008820
569	12007530
570	12007990
571	12007730
572	12007250
573	12009330
574	12010240
575	12010390
576	12008870
577	12008420
578	12008890
579	12008980
580	12008680
581	12009240
582	12009150
583	12008440
584	12008030
585	12008840
586	12008080
587	12008960
588	12008920
589	12009230
590	12008430
591	12007930
592	12007720
593	12007950
594	12008960
595	12008530
596	12007790
597	12008470
598	12007970
599	12008700
600	12008800
601	12008780
602	12008080
603	12007830
604	12008800
605	12007990
606	12007820
607	12006950
608	12006590
609	12006890
610	12007680
611	12008130
612	12008690
613	12008230
614	12008250
615	12008740
616	12008890
617	12008530
618	12008030
619	12008690
620	12008490
621	12008530
622	12008850
623	12008870
624	12008220
625	12007190
626	12007320
627	12007530
628	12008320
629	12007830
630	12008150
631	12008510
632	12008040
633	12007670
634	12007950
635	12008020
636	12008570
637	12009000
638	12008720
639	12008570
640	12008670
641	12008530
642	12008770
643	12008960
644	12008910
645	12009290
646	12008990
647	12009390
648	12008970
649	12008860
650	12008110
651	12008480
652	12008250
653	12008700
654	12007870
655	12008470
656	12007680
657	12007790
658	12007500
659	12008560
660	12008630
661	12008990
662	12009940
663	12008790
664	12008340
665	12009510
666	12009270
667	12009330
668	12009660
669	12009980
670	12009180
671	12009560
672	12008840
673	12008670
674	12008450
675	12008280
676	12009250
677	12010250
678	12009760
679	12007930
680	12007560
681	12008250
682	12007800
683	12008170
684	12008260
685	12008040
686	12009280
687	12009240
688	12008890
689	12009390
690	12009810
691	12009360
692	12009530
693	12010140
694	12010290
695	12009380
696	12008860
697	12009270
698	12009220
699	12009100
700	12008710
701	12008820
702	12008530
703	12008630
704	12008870
705	12008210
706	12007860
707	12008520
708	12008240
709	12008010
710	12008130
711	12009900
712	12010680
713	12010480
714	12009360
715	12008990
716	12009090
717	12008790
718	12008880
719	12009260
720	12009310
721	12008830
722	12009460
723	12010160
724	12010640
725	12011060
726	12011080
727	12010190
728	12010380
729	12010480
730	12009860
731	12009600
732	12009130
733	12008810
734	12009240
735	12008700
736	12008730
737	12008960
738	12007940
739	12008830
740	12009410
741	12008660
742	12008180
743	12007540
744	12008680
745	12008090
746	12007720
747	12007860
748	12008100
749	12008390
750	12008950
751	12008250
752	12009210
753	12008760
754	12008930
755	12008110
756	12008360
757	12008620
758	12009160
759	12009690
760	12009300
761	12009440
762	12009350
763	12009200
764	12009100
765	12009530
766	12009140
767	12009910
768	12009430
769	12009450
770	12008910
771	12009180
772	12008740
773	12009630
774	12009420
775	12010160
776	12010000
777	12009150
778	12009330
779	12009580
780	12009290
781	12009260
782	12008190
783	12008390
784	12008770
785	12008420
786	12008140
787	12008660
788	12009030
789	12007640
790	12007440
791	12007480
792	12008220
793	12008250
794	12008430
795	12009090
796	12007700
797	12008660
798	12008890
799	12009850
800	12008730
801	12007820
802	12007670
803	12007490
804	12008040
805	12008690
806	12009350
807	12010010
808	12008950
809	12008740
810	12009030
811	12009140
812	12009210
813	12009760
814	12009210
815	12008730
816	12008990
817	12008810
818	12007630
819	12008540
820	12008820
821	12008350
822	12008290
823	12008040
824	12008100
825	12008490
826	12009560
827	12009200
828	12008710
829	12007990
830	12007550
831	12008410
832	12008470
833	12007980
834	12008360
835	12008380
836	12008100
837	12008600
838	12008210
839	12008320
840	12008760
841	12008900
842	12009240
843	12009120
844	12008950
845	12007900
846	12008060
847	12008600
848	12009080
849	12009140
850	12008710
851	12008810
852	12009050
853	12008160
854	12007720
855	12008090
856	12008130
857	12007460
858	12007380
859	12007280
860	12006800
861	12006370
862	12006110
863	12006390
864	12006770
865	12006880
866	12007350
867	12006670
868	12006730
869	12006260
870	12006440
871	12006750
872	12006900
873	12006820
874	12006770
875	12006840
876	12006800
877	12006960
878	12007310
879	12007150
880	12006780
881	12006970
882	12006880
883	12006520
884	12006700
885	12006470
886	12006580
887	12007590
888	12008050
889	12007880
890	12008920
891	12008700
892	12007610
893	12008020
894	12008480
895	12008440
896	12007710
897	12007750
898	12008180
899	12008590
900	12008200
901	12008220
902	12007510
903	12008060
904	12008120
905	12008150
906	12008720
907	12008420
908	12008840
909	12009010
910	12008900
911	12009370
912	12009470
913	12010600
914	12010560
915	12010510
916	12008550
917	12008980
918	12009680
919	12009970
920	12009570
921	12009850
922	12009360
923	12008970
924	12009530
925	12009320
926	12008860
927	12009420
928	12009440
929	12009150
930	12008950
931	12009900
932	12009590
933	12009470
934	12009630
935	12009350
936	12009410
937	12008830
938	12009200
939	12008680
940	12009200
941	12009270
942	12008890
943	12008560
944	12008420
945	12007850
946	12007440
947	12007330
948	12007860
949	12007320
950	12007860
951	12007700
952	12008300
953	12007980
954	12007830
955	12007910
956	12008880
957	12008830
958	12008820
959	12008450
960	12009020
961	12009190
962	12008810
963	12008290
964	12008670
965	12008730
966	12008670
967	12007250
968	12007650
969	12007810
970	12007970
971	12007660
972	12008480
973	12008860
974	12007820
975	12007950
976	12008300
977	12008170
978	12007890
979	12007910
980	12007170
981	12007580
982	12008350
983	12009050
984	12008550
985	12008600
986	12008700
987	12008900
988	12008240
989	12008270
990	12008610
991	12009340
992	12008830
993	12009260
994	12008960
995	12008810
996	12009270
997	12009480
998	12009300
999	12008700
